MOUNT
WRITE 0 33 55
WRITE 33 46 212
WRITE 79 198 4
READ 298571 530 0
WRITE 298571 146 35
WRITE 298717 141 166
READ 432655 383 0
WRITE 432655 19 216
WRITE 432674 502 153
READ 782584 841 0
WRITE 782584 574 92
WRITE 783158 648 222
READ 299786 26 0
WRITE 299786 776 96
WRITE 300562 44 220
READ 310850 313 0
WRITE 310850 584 90
WRITE 311434 247 158
WRITE 311681 282 43
READ 26710 185 0
WRITE 26710 484 68
WRITE 27194 909 104
READ 789973 498 0
WRITE 789973 652 61
READ 539476 770 0
WRITE 539476 712 67
READ 743715 603 0
WRITE 743715 85 40
WRITE 743800 388 202
READ 966380 911 0
WRITE 966380 261 44
READ 831416 608 0
WRITE 831416 322 82
WRITE 831738 538 115
READ 859384 654 0
WRITE 859384 905 152
READ 519902 996 0
WRITE 519902 530 70
WRITE 520432 722 254
WRITE 521154 777 43
READ 48099 767 0
WRITE 48099 78 45
READ 179906 557 0
WRITE 179906 864 152
WRITE 180770 61 123
WRITE 180831 300 196
READ 856715 856 0
WRITE 856715 381 131
WRITE 857096 560 87
WRITE 857656 873 43
READ 400403 622 0
WRITE 400403 692 46
WRITE 401095 228 32
READ 878700 937 0
WRITE 878700 95 77
READ 122838 164 0
WRITE 122838 569 72
READ 457051 413 0
WRITE 457051 590 81
WRITE 457641 840 111
WRITE 458481 953 11
READ 759602 742 0
WRITE 759602 887 119
WRITE 760489 442 61
WRITE 760931 453 248
READ 129851 70 0
WRITE 129851 510 7
READ 522694 996 0
WRITE 522694 93 244
READ 878025 384 0
WRITE 878025 764 12
READ 444786 613 0
WRITE 444786 749 115
WRITE 445535 82 126
READ 323908 444 0
WRITE 323908 226 158
READ 139395 444 0
WRITE 139395 340 61
READ 914304 93 0
WRITE 914304 806 234
READ 10140 344 0
WRITE 10140 206 225
READ 583772 790 0
WRITE 583772 671 21
READ 307884 711 0
WRITE 307884 827 180
READ 848119 22 0
WRITE 848119 129 27
READ 874492 751 0
WRITE 874492 117 23
WRITE 874609 166 222
READ 673322 963 0
WRITE 673322 920 93
WRITE 674242 769 168
READ 493328 979 0
WRITE 493328 126 53
WRITE 493454 998 59
READ 882533 7 0
WRITE 882533 340 150
WRITE 882873 368 14
READ 432509 988 0
WRITE 432509 979 44
WRITE 433488 1004 192
WRITE 434492 974 177
READ 476245 678 0
WRITE 476245 468 8
WRITE 476713 191 55
READ 125514 39 0
WRITE 125514 372 160
READ 695654 777 0
WRITE 695654 896 191
READ 441742 973 0
WRITE 441742 218 158
WRITE 441960 300 148
READ 450357 860 0
WRITE 450357 9 180
READ 501232 33 0
WRITE 501232 359 103
READ 225484 559 0
WRITE 225484 554 171
WRITE 226038 569 32
WRITE 226607 845 103
WRITE 227452 291 12
WRITE 227743 427 170
WRITE 228170 295 33
READ 509152 134 0
WRITE 509152 767 247
READ 912528 881 0
WRITE 912528 559 117
WRITE 913087 117 227
WRITE 913204 115 232
WRITE 913319 128 170
WRITE 913447 693 237
READ 415530 831 0
WRITE 415530 518 86
WRITE 416048 116 78
READ 267880 67 0
WRITE 267880 570 211
WRITE 268450 20 195
READ 408929 1021 0
WRITE 408929 822 242
READ 126011 584 0
WRITE 126011 668 233
WRITE 126679 658 212
WRITE 127337 420 112
READ 771625 309 0
WRITE 771625 79 15
READ 968787 850 0
WRITE 968787 201 214
WRITE 968988 778 36
READ 734878 703 0
WRITE 734878 880 49
READ 599932 545 0
WRITE 599932 822 228
READ 630990 1015 0
WRITE 630990 819 102
READ 389414 870 0
WRITE 389414 365 131
READ 349179 130 0
WRITE 349179 251 230
READ 720909 766 0
WRITE 720909 994 222
WRITE 721903 48 169
READ 263327 832 0
WRITE 263327 932 242
WRITE 264259 103 60
READ 880869 79 0
WRITE 880869 917 66
READ 612903 94 0
WRITE 612903 959 209
WRITE 613862 217 138
WRITE 614079 184 35
WRITE 614263 474 225
READ 812708 402 0
WRITE 812708 884 148
READ 739970 18 0
WRITE 739970 574 7
READ 624492 704 0
WRITE 624492 1021 158
READ 258228 501 0
WRITE 258228 4 59
READ 576584 714 0
WRITE 576584 717 105
WRITE 577301 244 224
WRITE 577545 965 172
READ 678199 467 0
WRITE 678199 842 237
WRITE 679041 530 28
WRITE 679571 626 12
READ 972010 998 0
WRITE 972010 98 193
READ 442080 1006 0
WRITE 442080 341 251
READ 638631 75 0
WRITE 638631 34 62
READ 601770 609 0
WRITE 601770 122 178
WRITE 601892 6 169
WRITE 601898 687 101
READ 293981 485 0
WRITE 293981 254 175
WRITE 294235 609 122
WRITE 294844 328 166
WRITE 295172 932 235
READ 688770 968 0
WRITE 688770 637 30
READ 462449 703 0
WRITE 462449 825 125
READ 381637 96 0
WRITE 381637 419 166
READ 359181 485 0
WRITE 359181 175 22
WRITE 359356 752 39
READ 947686 739 0
WRITE 947686 157 45
READ 782231 973 0
WRITE 782231 467 88
READ 16765 26 0
WRITE 16765 755 204
WRITE 17520 626 233
WRITE 18146 498 199
WRITE 18644 48 139
READ 770887 982 0
WRITE 770887 335 23
READ 358329 878 0
WRITE 358329 392 95
WRITE 358721 881 248
WRITE 359602 507 223
READ 707537 665 0
WRITE 707537 453 187
READ 877569 580 0
WRITE 877569 890 75
READ 906830 686 0
WRITE 906830 517 150
WRITE 907347 470 136
WRITE 907817 677 211
WRITE 908494 308 154
READ 270584 498 0
WRITE 270584 700 205
READ 563836 282 0
WRITE 563836 867 46
READ 919076 131 0
WRITE 919076 224 105
READ 269220 672 0
WRITE 269220 540 33
WRITE 269760 662 200
WRITE 270422 176 77
WRITE 270598 300 9
WRITE 270898 637 76
WRITE 271535 410 108
READ 504974 418 0
WRITE 504974 108 168
WRITE 505082 604 101
WRITE 505686 708 167
WRITE 506394 706 1
WRITE 507100 126 87
READ 691550 597 0
WRITE 691550 61 65
WRITE 691611 200 88
WRITE 691811 995 179
READ 269192 668 0
WRITE 269192 27 211
READ 84793 133 0
WRITE 84793 816 167
READ 206060 365 0
WRITE 206060 682 124
READ 427188 1004 0
WRITE 427188 683 50
READ 181757 864 0
WRITE 181757 13 134
WRITE 181770 117 139
READ 557526 539 0
WRITE 557526 90 217
WRITE 557616 743 139
WRITE 558359 79 143
WRITE 558438 647 129
READ 473774 672 0
WRITE 473774 689 154
WRITE 474463 29 191
READ 446837 608 0
WRITE 446837 871 81
READ 269458 517 0
WRITE 269458 383 196
WRITE 269841 858 152
WRITE 270699 766 197
READ 867826 138 0
WRITE 867826 248 61
READ 125932 355 0
WRITE 125932 8 120
WRITE 125940 137 20
WRITE 126077 372 248
WRITE 126449 443 230
WRITE 126892 861 254
WRITE 127753 704 53
WRITE 128457 971 164
WRITE 129428 758 97
WRITE 130186 611 131
READ 263091 752 0
WRITE 263091 709 28
WRITE 263800 856 78
READ 226257 6 0
WRITE 226257 824 106
WRITE 227081 154 133
READ 854833 864 0
WRITE 854833 716 120
READ 286695 201 0
WRITE 286695 986 150
READ 351824 279 0
WRITE 351824 888 252
READ 811627 999 0
WRITE 811627 720 16
WRITE 812347 624 37
WRITE 812971 229 80
READ 715139 614 0
WRITE 715139 546 53
READ 924808 204 0
WRITE 924808 702 153
READ 615621 97 0
WRITE 615621 129 19
WRITE 615750 604 185
READ 630784 243 0
WRITE 630784 970 147
READ 757606 872 0
WRITE 757606 631 249
READ 510153 112 0
WRITE 510153 185 147
WRITE 510338 49 77
WRITE 510387 80 13
WRITE 510467 858 108
READ 911844 414 0
WRITE 911844 958 155
WRITE 912802 218 186
READ 823732 230 0
WRITE 823732 567 176
WRITE 824299 856 223
READ 735779 614 0
WRITE 735779 87 249
WRITE 735866 651 154
READ 958577 689 0
WRITE 958577 218 223
WRITE 958795 960 48
READ 738613 773 0
WRITE 738613 333 241
WRITE 738946 682 160
WRITE 739628 915 94
READ 735530 312 0
WRITE 735530 96 111
READ 794179 588 0
WRITE 794179 936 239
WRITE 795115 397 240
WRITE 795512 627 93
WRITE 796139 935 188
WRITE 797074 838 150
WRITE 797912 895 210
WRITE 798807 467 172
WRITE 799274 309 52
WRITE 799583 434 110
READ 240968 651 0
WRITE 240968 312 219
WRITE 241280 297 60
READ 453479 713 0
WRITE 453479 870 87
WRITE 454349 682 163
WRITE 455031 133 120
READ 337226 146 0
WRITE 337226 166 98
READ 932225 389 0
WRITE 932225 293 108
WRITE 932518 636 219
READ 887446 999 0
WRITE 887446 722 159
WRITE 888168 426 80
READ 744127 172 0
WRITE 744127 443 178
READ 909250 299 0
WRITE 909250 736 54
READ 1045111 550 0
WRITE 1045111 740 96
READ 921392 915 0
WRITE 921392 796 21
WRITE 922188 930 23
WRITE 923118 431 184
READ 758582 569 0
WRITE 758582 604 23
READ 166064 3 0
WRITE 166064 796 22
READ 858350 537 0
WRITE 858350 248 14
WRITE 858598 724 186
WRITE 859322 490 55
READ 76822 980 0
WRITE 76822 602 178
WRITE 77424 244 135
READ 246432 1015 0
WRITE 246432 198 233
WRITE 246630 78 197
READ 886177 54 0
WRITE 886177 206 237
WRITE 886383 888 24
WRITE 887271 790 184
READ 1007854 717 0
WRITE 1007854 446 72
READ 516639 907 0
WRITE 516639 734 216
WRITE 517373 69 214
READ 289249 808 0
WRITE 289249 437 246
WRITE 289686 629 197
WRITE 290315 1024 84
READ 1014568 1005 0
WRITE 1014568 687 29
WRITE 1015255 4 49
WRITE 1015259 895 56
READ 571438 622 0
WRITE 571438 93 230
WRITE 571531 132 90
WRITE 571663 702 70
WRITE 572365 584 41
READ 972264 305 0
WRITE 972264 443 136
READ 820665 862 0
WRITE 820665 952 127
WRITE 821617 108 160
READ 825038 4 0
WRITE 825038 974 150
READ 815326 434 0
WRITE 815326 838 199
WRITE 816164 154 201
READ 50685 416 0
WRITE 50685 764 15
READ 1045205 988 0
WRITE 1045205 675 229
READ 826184 43 0
WRITE 826184 942 81
WRITE 827126 915 111
WRITE 828041 72 3
READ 1008380 682 0
WRITE 1008380 991 184
WRITE 1009371 270 136
WRITE 1009641 221 1
READ 32411 997 0
WRITE 32411 158 196
WRITE 32569 907 176
READ 665216 1007 0
WRITE 665216 503 17
WRITE 665719 406 10
READ 617948 86 0
WRITE 617948 566 47
READ 77564 879 0
WRITE 77564 964 128
READ 905004 414 0
WRITE 905004 737 115
READ 197283 69 0
WRITE 197283 350 149
READ 778402 459 0
WRITE 778402 870 110
WRITE 779272 741 235
WRITE 780013 320 218
READ 993770 104 0
WRITE 993770 646 94
READ 204543 614 0
WRITE 204543 372 155
READ 165836 385 0
WRITE 165836 111 75
WRITE 165947 733 24
READ 538908 502 0
WRITE 538908 788 96
READ 485592 971 0
WRITE 485592 375 245
WRITE 485967 988 99
READ 489411 177 0
WRITE 489411 434 44
READ 240805 546 0
WRITE 240805 891 176
READ 130844 36 0
WRITE 130844 303 83
READ 875540 295 0
WRITE 875540 143 216
WRITE 875683 1003 52
WRITE 876686 825 25
WRITE 877511 217 45
WRITE 877728 945 121
READ 868634 164 0
WRITE 868634 127 214
WRITE 868761 44 145
WRITE 868805 714 162
WRITE 869519 98 238
WRITE 869617 159 139
READ 1014878 546 0
WRITE 1014878 662 46
WRITE 1015540 259 42
READ 648700 1019 0
WRITE 648700 247 192
READ 257990 886 0
WRITE 257990 953 150
WRITE 258943 829 10
WRITE 259772 850 107
READ 738270 613 0
WRITE 738270 5 208
READ 296852 832 0
WRITE 296852 944 114
WRITE 297796 257 37
WRITE 298053 17 103
WRITE 298070 805 225
WRITE 298875 498 241
WRITE 299373 597 147
WRITE 299970 769 39
WRITE 300739 184 146
READ 402530 925 0
WRITE 402530 161 124
READ 65674 178 0
WRITE 65674 482 177
READ 748717 829 0
WRITE 748717 451 62
WRITE 749168 395 48
READ 284156 727 0
WRITE 284156 542 117
WRITE 284698 706 156
READ 441691 117 0
WRITE 441691 271 49
READ 716692 797 0
WRITE 716692 256 60
WRITE 716948 69 14
WRITE 717017 607 104
READ 361777 266 0
WRITE 361777 1005 17
WRITE 362782 566 149
WRITE 363348 794 117
READ 290441 167 0
WRITE 290441 849 103
READ 843519 476 0
WRITE 843519 480 9
WRITE 843999 5 239
WRITE 844004 758 160
READ 120806 918 0
WRITE 120806 874 57
READ 857053 427 0
WRITE 857053 952 244
READ 743722 317 0
WRITE 743722 621 41
WRITE 744343 310 32
READ 762559 89 0
WRITE 762559 441 107
READ 1003298 718 0
WRITE 1003298 795 82
WRITE 1004093 890 71
WRITE 1004983 471 147
WRITE 1005454 893 26
WRITE 1006347 944 48
WRITE 1007291 143 232
WRITE 1007434 748 21
READ 411237 212 0
WRITE 411237 40 128
WRITE 411277 770 153
WRITE 412047 2 50
WRITE 412049 611 64
WRITE 412660 574 127
READ 356340 703 0
WRITE 356340 776 204
WRITE 357116 827 113
WRITE 357943 369 214
WRITE 358312 923 175
READ 387194 14 0
WRITE 387194 270 20
WRITE 387464 983 198
WRITE 388447 22 210
WRITE 388469 54 182
WRITE 388523 409 173
WRITE 388932 90 254
READ 665023 49 0
WRITE 665023 304 153
READ 907669 784 0
WRITE 907669 178 21
READ 191914 235 0
WRITE 191914 389 184
WRITE 192303 199 55
READ 486640 872 0
WRITE 486640 465 235
READ 376595 546 0
WRITE 376595 232 102
WRITE 376827 696 116
WRITE 377523 72 97
READ 917786 380 0
WRITE 917786 870 56
READ 462305 229 0
WRITE 462305 510 150
WRITE 462815 161 6
WRITE 462976 897 203
READ 675848 629 0
WRITE 675848 945 158
WRITE 676793 509 24
WRITE 677302 982 122
WRITE 678284 136 205
READ 252035 274 0
WRITE 252035 794 156
READ 853831 434 0
WRITE 853831 95 123
READ 906526 700 0
WRITE 906526 523 56
READ 1027166 540 0
WRITE 1027166 871 120
WRITE 1028037 632 75
WRITE 1028669 454 65
WRITE 1029123 178 252
WRITE 1029301 921 228
WRITE 1030222 305 83
READ 866224 778 0
WRITE 866224 213 95
WRITE 866437 28 67
WRITE 866465 424 153
WRITE 866889 315 183
WRITE 867204 922 5
READ 333037 914 0
WRITE 333037 843 27
READ 5406 520 0
WRITE 5406 629 40
READ 380625 232 0
WRITE 380625 496 164
WRITE 381121 26 227
WRITE 381147 366 60
WRITE 381513 308 212
WRITE 381821 833 196
WRITE 382654 974 6
READ 117160 939 0
WRITE 117160 104 18
READ 587237 364 0
WRITE 587237 710 2
READ 689536 785 0
WRITE 689536 430 131
READ 310901 445 0
WRITE 310901 235 8
READ 700397 408 0
WRITE 700397 932 132
READ 583385 494 0
WRITE 583385 530 97
READ 131756 207 0
WRITE 131756 518 12
READ 900492 58 0
WRITE 900492 147 143
READ 746112 287 0
WRITE 746112 699 111
READ 705341 994 0
WRITE 705341 95 180
READ 671009 445 0
WRITE 671009 939 255
READ 788490 265 0
WRITE 788490 310 99
WRITE 788800 604 182
WRITE 789404 765 252
WRITE 790169 273 39
READ 951319 834 0
WRITE 951319 1019 69
READ 517 568 0
WRITE 517 125 139
WRITE 642 798 11
READ 430632 927 0
WRITE 430632 104 96
WRITE 430736 890 67
READ 244873 128 0
WRITE 244873 570 218
READ 493379 853 0
WRITE 493379 243 153
WRITE 493622 503 80
READ 504547 811 0
WRITE 504547 994 77
WRITE 505541 271 101
READ 897456 997 0
WRITE 897456 164 9
WRITE 897620 996 135
WRITE 898616 480 44
READ 118028 1011 0
WRITE 118028 129 207
READ 204350 95 0
WRITE 204350 183 115
WRITE 204533 787 85
READ 610726 592 0
WRITE 610726 396 180
READ 797627 45 0
WRITE 797627 521 151
WRITE 798148 129 63
WRITE 798277 40 119
READ 9780 1014 0
WRITE 9780 87 178
READ 259380 17 0
WRITE 259380 828 122
READ 334945 248 0
WRITE 334945 705 128
READ 371625 631 0
WRITE 371625 491 225
READ 28951 1014 0
WRITE 28951 459 233
WRITE 29410 422 58
READ 552879 46 0
WRITE 552879 125 206
READ 241072 754 0
WRITE 241072 591 140
WRITE 241663 262 134
WRITE 241925 969 221
READ 241442 325 0
WRITE 241442 236 154
WRITE 241678 233 44
WRITE 241911 606 38
WRITE 242517 407 98
READ 625287 977 0
WRITE 625287 466 17
WRITE 625753 25 250
READ 914898 621 0
WRITE 914898 883 42
READ 579840 175 0
WRITE 579840 562 68
WRITE 580402 454 134
WRITE 580856 126 77
READ 487404 710 0
WRITE 487404 182 65
READ 65942 209 0
WRITE 65942 261 206
WRITE 66203 517 132
WRITE 66720 154 192
READ 119864 218 0
WRITE 119864 307 56
WRITE 120171 331 165
WRITE 120502 819 201
WRITE 121321 177 196
READ 202922 390 0
WRITE 202922 603 250
WRITE 203525 130 156
WRITE 203655 899 118
READ 837844 903 0
WRITE 837844 366 84
READ 658781 693 0
WRITE 658781 473 69
WRITE 659254 498 193
WRITE 659752 355 152
WRITE 660107 212 12
WRITE 660319 275 111
WRITE 660594 421 102
WRITE 661015 246 97
READ 115294 32 0
WRITE 115294 548 203
WRITE 115842 642 140
READ 203301 880 0
WRITE 203301 216 246
WRITE 203517 813 157
WRITE 204330 494 132
WRITE 204824 305 195
READ 772395 1022 0
WRITE 772395 212 175
WRITE 772607 633 238
READ 199083 989 0
WRITE 199083 909 51
WRITE 199992 684 219
READ 744197 999 0
WRITE 744197 138 68
WRITE 744335 592 31
READ 841158 881 0
WRITE 841158 313 189
READ 268936 182 0
WRITE 268936 361 41
READ 1031622 855 0
WRITE 1031622 957 78
READ 305716 46 0
WRITE 305716 122 126
WRITE 305838 291 126
WRITE 306129 108 10
WRITE 306237 374 116
WRITE 306611 638 1
WRITE 307249 54 31
READ 158793 867 0
WRITE 158793 275 76
WRITE 159068 630 48
READ 854067 944 0
WRITE 854067 357 88
WRITE 854424 566 178
WRITE 854990 228 18
WRITE 855218 500 109
WRITE 855718 725 40
READ 720044 163 0
WRITE 720044 634 182
WRITE 720678 267 251
READ 306010 203 0
WRITE 306010 230 114
WRITE 306240 665 16
WRITE 306905 669 231
READ 723837 514 0
WRITE 723837 758 105
READ 940681 92 0
WRITE 940681 395 231
READ 869162 290 0
WRITE 869162 380 27
WRITE 869542 678 112
WRITE 870220 916 161
READ 250750 833 0
WRITE 250750 852 109
WRITE 251602 559 166
READ 362508 716 0
WRITE 362508 236 65
READ 619440 539 0
WRITE 619440 480 255
READ 1043223 117 0
WRITE 1043223 922 39
READ 804133 112 0
WRITE 804133 871 189
READ 191999 694 0
WRITE 191999 424 8
WRITE 192423 900 168
READ 73655 100 0
WRITE 73655 594 142
READ 439659 838 0
WRITE 439659 428 156
READ 87347 11 0
WRITE 87347 1012 162
WRITE 88359 196 32
WRITE 88555 883 93
WRITE 89438 554 15
READ 227465 903 0
WRITE 227465 386 172
READ 899217 763 0
WRITE 899217 77 240
WRITE 899294 373 158
WRITE 899667 255 145
READ 12989 444 0
WRITE 12989 529 102
READ 549196 836 0
WRITE 549196 1024 50
WRITE 550220 679 203
READ 746699 938 0
WRITE 746699 959 133
READ 480556 586 0
WRITE 480556 946 176
WRITE 481502 516 104
READ 220001 579 0
WRITE 220001 165 195
WRITE 220166 17 99
WRITE 220183 700 146
WRITE 220883 129 155
WRITE 221012 857 83
READ 645450 835 0
WRITE 645450 485 164
WRITE 645935 150 231
READ 881406 84 0
WRITE 881406 469 57
READ 292624 277 0
WRITE 292624 343 50
WRITE 292967 807 122
READ 179799 968 0
WRITE 179799 205 233
READ 256568 84 0
WRITE 256568 15 56
READ 479016 1013 0
WRITE 479016 839 140
READ 52495 849 0
WRITE 52495 636 240
WRITE 53131 766 159
WRITE 53897 857 155
READ 1021892 489 0
WRITE 1021892 269 131
WRITE 1022161 355 60
WRITE 1022516 455 3
READ 788221 923 0
WRITE 788221 188 239
WRITE 788409 828 249
WRITE 789237 146 127
WRITE 789383 669 228
READ 10867 660 0
WRITE 10867 169 248
WRITE 11036 131 114
WRITE 11167 721 147
WRITE 11888 59 185
READ 114143 976 0
WRITE 114143 585 30
WRITE 114728 59 16
WRITE 114787 87 221
WRITE 114874 824 255
READ 381467 419 0
WRITE 381467 13 131
WRITE 381480 121 224
WRITE 381601 901 140
READ 638964 753 0
WRITE 638964 896 109
READ 865584 768 0
WRITE 865584 209 121
READ 18352 510 0
WRITE 18352 283 184
READ 927306 604 0
WRITE 927306 161 127
READ 236673 131 0
WRITE 236673 696 69
WRITE 237369 778 145
READ 868538 624 0
WRITE 868538 889 24
WRITE 869427 1011 150
READ 127326 562 0
WRITE 127326 198 28
READ 804907 165 0
WRITE 804907 432 29
WRITE 805339 412 135
WRITE 805751 92 229
WRITE 805843 299 97
WRITE 806142 432 194
READ 239236 668 0
WRITE 239236 328 70
WRITE 239564 993 3
WRITE 240557 395 188
READ 510294 294 0
WRITE 510294 421 80
WRITE 510715 846 133
WRITE 511561 213 105
WRITE 511774 369 124
READ 15866 482 0
WRITE 15866 76 154
WRITE 15942 119 64
WRITE 16061 453 183
READ 809042 703 0
WRITE 809042 291 206
WRITE 809333 201 115
READ 555091 52 0
WRITE 555091 741 101
READ 272827 257 0
WRITE 272827 128 106
WRITE 272955 552 206
WRITE 273507 638 34
WRITE 274145 325 100
WRITE 274470 410 32
READ 214477 173 0
WRITE 214477 228 100
WRITE 214705 900 112
READ 144363 195 0
WRITE 144363 430 73
WRITE 144793 634 158
READ 871615 909 0
WRITE 871615 163 97
WRITE 871778 342 143
READ 309873 297 0
WRITE 309873 938 202
WRITE 310811 72 158
READ 412486 554 0
WRITE 412486 910 56
READ 607261 563 0
WRITE 607261 614 90
READ 706288 405 0
WRITE 706288 691 154
READ 20236 410 0
WRITE 20236 375 84
WRITE 20611 644 184
READ 671397 774 0
WRITE 671397 944 58
READ 692862 330 0
WRITE 692862 774 236
READ 191238 244 0
WRITE 191238 617 91
WRITE 191855 379 124
READ 263064 596 0
WRITE 263064 415 15
READ 124114 554 0
WRITE 124114 846 228
WRITE 124960 448 40
READ 725483 215 0
WRITE 725483 74 255
READ 866955 57 0
WRITE 866955 110 123
WRITE 867065 875 212
READ 945120 951 0
WRITE 945120 825 86
READ 472693 94 0
WRITE 472693 198 46
READ 454327 665 0
WRITE 454327 463 23
WRITE 454790 304 200
WRITE 455094 464 144
READ 874174 229 0
WRITE 874174 86 88
READ 262519 358 0
WRITE 262519 667 180
WRITE 263186 192 207
READ 917312 550 0
WRITE 917312 903 147
WRITE 918215 190 73
READ 160376 589 0
WRITE 160376 311 57
READ 898297 170 0
WRITE 898297 684 76
WRITE 898981 512 10
WRITE 899493 530 140
WRITE 900023 188 130
READ 882691 915 0
WRITE 882691 27 202
READ 296782 834 0
WRITE 296782 92 90
READ 605010 433 0
WRITE 605010 840 154
READ 737923 60 0
WRITE 737923 814 93
READ 351579 339 0
WRITE 351579 483 43
READ 344939 974 0
WRITE 344939 78 59
WRITE 345017 214 217
WRITE 345231 604 2
READ 1005171 697 0
WRITE 1005171 447 108
WRITE 1005618 839 122
WRITE 1006457 510 239
WRITE 1006967 240 219
READ 893698 410 0
WRITE 893698 729 185
WRITE 894427 617 233
WRITE 895044 536 241
WRITE 895580 366 170
WRITE 895946 909 58
WRITE 896855 862 150
READ 340148 558 0
WRITE 340148 645 95
READ 492909 724 0
WRITE 492909 826 95
WRITE 493735 761 38
READ 18679 112 0
WRITE 18679 70 58
WRITE 18749 339 108
READ 950613 675 0
WRITE 950613 698 181
READ 340687 841 0
WRITE 340687 134 78
WRITE 340821 77 223
READ 950988 235 0
WRITE 950988 61 251
READ 354146 109 0
WRITE 354146 691 205
WRITE 354837 343 210
WRITE 355180 514 57
WRITE 355694 117 182
READ 53767 859 0
WRITE 53767 489 197
WRITE 54256 369 240
READ 783002 547 0
WRITE 783002 722 157
READ 282025 582 0
WRITE 282025 935 143
WRITE 282960 1004 152
READ 165011 771 0
WRITE 165011 476 20
READ 970837 5 0
WRITE 970837 310 103
WRITE 971147 475 56
WRITE 971622 237 39
WRITE 971859 495 39
WRITE 972354 18 244
READ 747022 899 0
WRITE 747022 88 33
READ 628408 701 0
WRITE 628408 6 233
READ 577765 949 0
WRITE 577765 182 171
WRITE 577947 170 28
READ 957576 783 0
WRITE 957576 70 231
WRITE 957646 65 56
WRITE 957711 282 190
READ 657623 411 0
WRITE 657623 41 60
WRITE 657664 446 59
READ 602328 562 0
WRITE 602328 629 122
WRITE 602957 237 103
READ 575979 687 0
WRITE 575979 187 231
WRITE 576166 191 135
WRITE 576357 410 208
READ 360494 406 0
WRITE 360494 860 22
READ 711898 108 0
WRITE 711898 47 31
READ 102435 664 0
WRITE 102435 978 187
WRITE 103413 979 21
WRITE 104392 774 109
WRITE 105166 268 86
WRITE 105434 608 93
WRITE 106042 279 119
WRITE 106321 359 67
READ 198553 871 0
WRITE 198553 263 225
WRITE 198816 403 56
WRITE 199219 923 75
WRITE 200142 408 110
WRITE 200550 538 131
WRITE 201088 930 142
READ 614954 705 0
WRITE 614954 907 196
WRITE 615861 726 156
READ 981033 83 0
WRITE 981033 825 130
READ 1012856 525 0
WRITE 1012856 477 124
WRITE 1013333 572 27
READ 909988 922 0
WRITE 909988 786 160
WRITE 910774 282 152
READ 788189 307 0
WRITE 788189 431 39
READ 992875 296 0
WRITE 992875 558 72
WRITE 993433 679 28
WRITE 994112 583 26
WRITE 994695 482 27
WRITE 995177 255 12
WRITE 995432 937 76
READ 22638 1023 0
WRITE 22638 516 241
READ 275948 945 0
WRITE 275948 104 80
READ 557031 91 0
WRITE 557031 952 159
READ 960390 902 0
WRITE 960390 946 109
READ 351259 405 0
WRITE 351259 84 127
READ 440707 449 0
WRITE 440707 331 113
READ 34025 757 0
WRITE 34025 587 23
WRITE 34612 124 253
WRITE 34736 354 228
WRITE 35090 551 19
READ 773382 804 0
WRITE 773382 233 65
READ 968042 529 0
WRITE 968042 87 87
WRITE 968129 207 92
WRITE 968336 172 12
WRITE 968508 169 107
WRITE 968677 296 177
READ 859733 950 0
WRITE 859733 849 84
WRITE 860582 697 169
WRITE 861279 399 5
WRITE 861678 505 83
WRITE 862183 637 5
READ 940809 934 0
WRITE 940809 686 176
WRITE 941495 142 79
READ 136588 286 0
WRITE 136588 786 242
WRITE 137374 83 222
WRITE 137457 786 99
READ 431200 160 0
WRITE 431200 184 18
WRITE 431384 304 236
READ 630030 978 0
WRITE 630030 647 46
WRITE 630677 235 10
READ 645869 440 0
WRITE 645869 597 248
READ 715061 169 0
WRITE 715061 112 169
WRITE 715173 958 92
READ 22040 296 0
WRITE 22040 168 211
WRITE 22208 857 179
WRITE 23065 282 69
READ 716919 757 0
WRITE 716919 993 23
WRITE 717912 329 182
WRITE 718241 836 229
READ 687907 14 0
WRITE 687907 330 164
READ 404246 468 0
WRITE 404246 231 10
READ 770105 794 0
WRITE 770105 412 17
WRITE 770517 130 194
WRITE 770647 19 208
READ 954060 691 0
WRITE 954060 448 80
READ 683872 805 0
WRITE 683872 88 99
READ 303330 759 0
WRITE 303330 961 209
WRITE 304291 859 33
WRITE 305150 237 12
READ 39924 507 0
WRITE 39924 386 82
READ 470353 9 0
WRITE 470353 105 194
READ 253670 422 0
WRITE 253670 927 250
WRITE 254597 478 44
WRITE 255075 469 111
READ 693337 736 0
WRITE 693337 788 195
READ 806349 946 0
WRITE 806349 1023 33
WRITE 807372 658 177
READ 449632 150 0
WRITE 449632 591 223
READ 382678 239 0
WRITE 382678 819 215
WRITE 383497 508 65
WRITE 384005 341 239
READ 754749 957 0
WRITE 754749 263 221
READ 738011 559 0
WRITE 738011 122 26
READ 62177 285 0
WRITE 62177 715 115
WRITE 62892 1003 243
WRITE 63895 711 72
WRITE 64606 865 165
READ 471430 531 0
WRITE 471430 88 4
WRITE 471518 749 118
READ 712139 460 0
WRITE 712139 612 252
WRITE 712751 605 155
READ 775768 609 0
WRITE 775768 349 106
WRITE 776117 213 213
READ 133420 508 0
WRITE 133420 311 103
WRITE 133731 853 183
WRITE 134584 485 81
WRITE 135069 888 50
WRITE 135957 657 6
WRITE 136614 603 214
READ 254728 577 0
WRITE 254728 970 108
WRITE 255698 400 18
WRITE 256098 605 210
WRITE 256703 332 192
WRITE 257035 794 98
WRITE 257829 456 184
READ 219965 788 0
WRITE 219965 376 44
WRITE 220341 794 78
WRITE 221135 651 166
WRITE 221786 408 160
WRITE 222194 704 112
READ 542772 362 0
WRITE 542772 345 195
READ 455082 857 0
WRITE 455082 812 230
WRITE 455894 737 234
WRITE 456631 24 193
WRITE 456655 758 113
READ 77759 488 0
WRITE 77759 541 22
WRITE 78300 99 116
READ 215793 834 0
WRITE 215793 835 79
WRITE 216628 77 48
WRITE 216705 691 154
READ 805625 548 0
WRITE 805625 85 200
READ 19682 348 0
WRITE 19682 772 77
WRITE 20454 462 154
READ 234895 488 0
WRITE 234895 949 141
WRITE 235844 923 125
READ 954284 706 0
WRITE 954284 734 228
WRITE 955018 643 6
WRITE 955661 509 180
WRITE 956170 881 134
WRITE 957051 649 105
READ 174249 179 0
WRITE 174249 524 141
READ 122308 286 0
WRITE 122308 193 205
WRITE 122501 754 255
READ 233659 894 0
WRITE 233659 264 117
READ 821626 196 0
WRITE 821626 806 217
WRITE 822432 973 211
WRITE 823405 432 88
READ 658099 917 0
WRITE 658099 178 219
WRITE 658277 449 146
WRITE 658726 554 88
WRITE 659280 418 180
READ 439135 248 0
WRITE 439135 376 229
READ 883205 236 0
WRITE 883205 356 135
READ 337927 416 0
WRITE 337927 987 179
WRITE 338914 70 29
READ 590975 19 0
WRITE 590975 528 238
READ 461042 640 0
WRITE 461042 460 156
WRITE 461502 922 191
READ 419390 41 0
WRITE 419390 653 203
READ 361097 133 0
WRITE 361097 864 198
READ 973766 775 0
WRITE 973766 274 18
WRITE 974040 124 59
WRITE 974164 131 241
WRITE 974295 744 15
READ 460525 800 0
WRITE 460525 935 49
READ 631957 653 0
WRITE 631957 433 179
READ 55239 536 0
WRITE 55239 355 39
READ 746229 736 0
WRITE 746229 496 143
WRITE 746725 582 151
READ 182355 504 0
WRITE 182355 100 241
READ 608401 707 0
WRITE 608401 943 182
READ 956165 845 0
WRITE 956165 438 166
WRITE 956603 991 89
WRITE 957594 963 113
READ 18445 147 0
WRITE 18445 816 164
READ 567452 431 0
WRITE 567452 145 25
WRITE 567597 914 206
READ 454596 444 0
WRITE 454596 725 186
READ 73936 258 0
WRITE 73936 634 2
READ 149405 369 0
WRITE 149405 507 10
WRITE 149912 338 57
WRITE 150250 789 216
READ 632804 604 0
WRITE 632804 324 11
WRITE 633128 693 108
READ 258661 813 0
WRITE 258661 377 46
WRITE 259038 291 91
READ 497790 412 0
WRITE 497790 734 232
WRITE 498524 725 21
WRITE 499249 685 244
WRITE 499934 319 28
WRITE 500253 285 150
WRITE 500538 844 251
READ 258559 763 0
WRITE 258559 261 136
WRITE 258820 595 46
READ 958590 98 0
WRITE 958590 950 52
READ 923555 636 0
WRITE 923555 415 242
WRITE 923970 968 90
READ 760496 152 0
WRITE 760496 916 162
READ 551325 926 0
WRITE 551325 259 142
READ 637737 43 0
WRITE 637737 820 114
READ 1044905 740 0
WRITE 1044905 312 91
WRITE 1045217 1006 117
WRITE 1046223 836 20
WRITE 1047059 1000 114
READ 510507 695 0
WRITE 510507 849 52
READ 48922 405 0
WRITE 48922 991 88
WRITE 49913 88 215
WRITE 50001 787 55
READ 273290 148 0
WRITE 273290 450 253
READ 158346 511 0
WRITE 158346 207 228
WRITE 158553 233 24
WRITE 158786 860 65
WRITE 159646 780 21
READ 795221 501 0
WRITE 795221 294 101
READ 418104 432 0
WRITE 418104 492 54
READ 847926 285 0
WRITE 847926 489 77
WRITE 848415 599 221
READ 115458 176 0
WRITE 115458 818 134
READ 143253 87 0
WRITE 143253 830 50
WRITE 144083 121 97
WRITE 144204 163 139
READ 95257 5 0
WRITE 95257 885 107
WRITE 96142 156 69
WRITE 96298 136 109
READ 271405 979 0
WRITE 271405 970 233
WRITE 272375 974 243
READ 697926 787 0
WRITE 697926 608 102
WRITE 698534 827 170
WRITE 699361 694 47
READ 393384 224 0
WRITE 393384 854 110
WRITE 394238 524 162
READ 105174 28 0
WRITE 105174 520 133
READ 591124 444 0
WRITE 591124 826 141
WRITE 591950 932 57
READ 539097 54 0
WRITE 539097 409 25
WRITE 539506 103 225
WRITE 539609 908 7
WRITE 540517 535 249
READ 242770 616 0
WRITE 242770 296 202
WRITE 243066 118 94
READ 215459 229 0
WRITE 215459 1015 127
READ 852852 119 0
WRITE 852852 496 228
WRITE 853348 36 67
READ 913195 41 0
WRITE 913195 7 49
READ 494822 579 0
WRITE 494822 785 23
READ 336616 223 0
WRITE 336616 675 148
WRITE 337291 666 102
READ 371864 947 0
WRITE 371864 362 229
WRITE 372226 899 207
READ 836440 28 0
WRITE 836440 1016 141
WRITE 837456 465 67
WRITE 837921 664 250
READ 716584 786 0
WRITE 716584 113 181
WRITE 716697 727 203
READ 464381 393 0
WRITE 464381 568 218
READ 80717 978 0
WRITE 80717 146 141
READ 808568 318 0
WRITE 808568 471 114
READ 225879 742 0
WRITE 225879 369 218
WRITE 226248 911 224
WRITE 227159 919 92
WRITE 228078 327 2
WRITE 228405 32 237
WRITE 228437 559 199
READ 14170 682 0
WRITE 14170 574 69
READ 65076 898 0
WRITE 65076 829 78
READ 211865 554 0
WRITE 211865 202 19
WRITE 212067 922 40
WRITE 212989 948 184
READ 113193 253 0
WRITE 113193 865 152
WRITE 114058 516 254
WRITE 114574 445 217
READ 49117 6 0
WRITE 49117 728 150
READ 62184 553 0
WRITE 62184 541 225
WRITE 62725 593 230
READ 980448 874 0
WRITE 980448 676 203
WRITE 981124 649 153
READ 48316 431 0
WRITE 48316 37 235
READ 994721 364 0
WRITE 994721 765 174
WRITE 995486 634 209
READ 1040523 764 0
WRITE 1040523 90 125
WRITE 1040613 1021 239
READ 928338 659 0
WRITE 928338 64 162
WRITE 928402 784 170
WRITE 929186 490 182
READ 214526 653 0
WRITE 214526 742 60
WRITE 215268 785 153
READ 746335 216 0
WRITE 746335 619 150
READ 997488 863 0
WRITE 997488 639 220
WRITE 998127 808 159
WRITE 998935 488 153
READ 306508 860 0
WRITE 306508 991 218
WRITE 307499 935 213
READ 271214 973 0
WRITE 271214 108 31
WRITE 271322 664 35
READ 1033601 551 0
WRITE 1033601 520 55
READ 166689 762 0
WRITE 166689 431 25
WRITE 167120 33 85
READ 360534 1012 0
WRITE 360534 778 171
WRITE 361312 680 245
READ 250518 826 0
WRITE 250518 793 127
READ 6422 992 0
WRITE 6422 816 101
READ 557240 248 0
WRITE 557240 92 153
READ 216635 370 0
WRITE 216635 762 196
WRITE 217397 452 85
WRITE 217849 630 143
READ 7258 686 0
WRITE 7258 113 19
WRITE 7371 470 87
WRITE 7841 862 85
READ 274611 719 0
WRITE 274611 22 205
WRITE 274633 529 176
READ 358565 765 0
WRITE 358565 571 86
READ 36716 124 0
WRITE 36716 957 213
READ 262532 328 0
WRITE 262532 1007 15
READ 432438 593 0
WRITE 432438 120 253
READ 2088 669 0
WRITE 2088 94 250
READ 623797 39 0
WRITE 623797 78 142
READ 127854 1018 0
WRITE 127854 137 84
WRITE 127991 586 196
WRITE 128577 631 172
READ 723627 38 0
WRITE 723627 286 64
WRITE 723913 534 253
READ 1008140 722 0
WRITE 1008140 277 89
WRITE 1008417 826 135
WRITE 1009243 794 213
READ 776673 478 0
WRITE 776673 885 16
READ 45856 761 0
WRITE 45856 727 50
WRITE 46583 549 69
READ 501880 802 0
WRITE 501880 791 72
READ 295142 594 0
WRITE 295142 634 20
READ 728409 371 0
WRITE 728409 1000 178
READ 272693 714 0
WRITE 272693 435 159
WRITE 273128 380 236
WRITE 273508 18 169
WRITE 273526 267 193
WRITE 273793 703 211
READ 95524 797 0
WRITE 95524 197 117
READ 300413 552 0
WRITE 300413 482 76
WRITE 300895 286 184
WRITE 301181 111 93
READ 339332 597 0
WRITE 339332 61 148
READ 338958 931 0
WRITE 338958 165 222
WRITE 339123 515 134
WRITE 339638 873 155
WRITE 340511 918 5
WRITE 341429 884 189
READ 701706 283 0
WRITE 701706 278 220
READ 836850 444 0
WRITE 836850 116 26
READ 267254 109 0
WRITE 267254 71 96
WRITE 267325 782 45
WRITE 268107 687 51
WRITE 268794 955 214
READ 592070 675 0
WRITE 592070 323 213
WRITE 592393 514 18
READ 862745 694 0
WRITE 862745 778 32
READ 75505 827 0
WRITE 75505 408 246
READ 113111 283 0
WRITE 113111 180 17
READ 861101 927 0
WRITE 861101 998 54
WRITE 862099 905 37
WRITE 863004 238 10
READ 586167 713 0
WRITE 586167 671 231
WRITE 586838 189 56
WRITE 587027 796 139
WRITE 587823 376 11
READ 691705 573 0
WRITE 691705 61 7
WRITE 691766 517 172
WRITE 692283 858 232
READ 517636 1007 0
WRITE 517636 701 186
WRITE 518337 800 139
WRITE 519137 896 19
READ 690906 232 0
WRITE 690906 499 82
READ 321148 841 0
WRITE 321148 130 70
WRITE 321278 689 157
WRITE 321967 623 11
WRITE 322590 994 226
READ 1027089 497 0
WRITE 1027089 687 18
READ 805484 218 0
WRITE 805484 696 149
READ 300535 342 0
WRITE 300535 698 182
WRITE 301233 484 76
READ 53303 67 0
WRITE 53303 128 45
READ 282663 693 0
WRITE 282663 393 209
WRITE 283056 749 9
WRITE 283805 176 149
WRITE 283981 873 132
WRITE 284854 573 226
WRITE 285427 140 30
READ 873383 923 0
WRITE 873383 119 143
READ 1033777 350 0
WRITE 1033777 252 200
READ 852391 472 0
WRITE 852391 1013 225
READ 319949 665 0
WRITE 319949 762 121
WRITE 320711 509 48
READ 586437 920 0
WRITE 586437 46 208
READ 459128 614 0
WRITE 459128 334 200
READ 695932 1009 0
WRITE 695932 421 107
READ 566297 975 0
WRITE 566297 127 51
READ 575409 811 0
WRITE 575409 121 241
WRITE 575530 869 98
WRITE 576399 363 177
WRITE 576762 144 152
WRITE 576906 129 221
READ 272525 316 0
WRITE 272525 780 18
WRITE 273305 743 16
WRITE 274048 815 132
READ 7218 141 0
WRITE 7218 869 19
READ 830840 545 0
WRITE 830840 392 71
READ 79023 421 0
WRITE 79023 230 255
WRITE 79253 130 86
READ 723765 284 0
WRITE 723765 324 91
READ 309083 707 0
WRITE 309083 733 137
READ 166742 813 0
WRITE 166742 858 145
READ 1005813 441 0
WRITE 1005813 978 99
READ 237883 617 0
WRITE 237883 398 13
READ 80143 367 0
WRITE 80143 434 108
READ 794902 684 0
WRITE 794902 310 160
WRITE 795212 757 228
WRITE 795969 958 53
WRITE 796927 435 204
WRITE 797362 597 173
WRITE 797959 420 204
READ 727998 732 0
WRITE 727998 637 99
WRITE 728635 553 248
READ 603756 922 0
WRITE 603756 626 57
WRITE 604382 26 51
READ 473498 958 0
WRITE 473498 360 181
READ 736219 593 0
WRITE 736219 682 183
WRITE 736901 64 96
WRITE 736965 805 42
WRITE 737770 406 188
WRITE 738176 916 33
READ 267411 49 0
WRITE 267411 741 65
WRITE 268152 527 75
READ 917361 801 0
WRITE 917361 650 252
READ 869186 377 0
WRITE 869186 649 202
WRITE 869835 125 238
READ 748577 157 0
WRITE 748577 196 219
READ 417821 999 0
WRITE 417821 570 91
READ 544745 540 0
WRITE 544745 354 211
READ 547664 28 0
WRITE 547664 580 92
READ 824162 381 0
WRITE 824162 925 189
READ 514874 797 0
WRITE 514874 248 200
WRITE 515122 387 71
WRITE 515509 581 233
WRITE 516090 90 110
READ 405307 435 0
WRITE 405307 849 200
READ 145840 496 0
WRITE 145840 971 111
WRITE 146811 382 216
READ 999220 773 0
WRITE 999220 121 247
READ 320046 864 0
WRITE 320046 64 68
READ 364671 870 0
WRITE 364671 782 42
READ 51738 43 0
WRITE 51738 647 196
READ 690435 962 0
WRITE 690435 659 7
WRITE 691094 108 21
WRITE 691202 394 58
WRITE 691596 658 137
WRITE 692254 926 177
READ 18399 426 0
WRITE 18399 241 175
WRITE 18640 374 84
WRITE 19014 997 41
WRITE 20011 715 154
READ 270175 48 0
WRITE 270175 585 30
READ 554019 31 0
WRITE 554019 918 79
WRITE 554937 757 179
READ 964479 853 0
WRITE 964479 436 225
WRITE 964915 568 52
WRITE 965483 92 216
READ 430488 644 0
WRITE 430488 589 199
WRITE 431077 371 29
WRITE 431448 528 100
READ 560458 274 0
WRITE 560458 914 200
READ 775623 56 0
WRITE 775623 689 187
READ 651223 608 0
WRITE 651223 1012 218
WRITE 652235 89 220
READ 1042352 448 0
WRITE 1042352 464 167
WRITE 1042816 192 154
READ 696854 59 0
WRITE 696854 921 236
READ 617799 880 0
WRITE 617799 1020 105
WRITE 618819 580 30
READ 476833 945 0
WRITE 476833 844 67
READ 800060 799 0
WRITE 800060 545 148
WRITE 800605 788 82
WRITE 801393 771 178
WRITE 802164 179 5
READ 103976 78 0
WRITE 103976 946 181
WRITE 104922 497 28
WRITE 105419 783 43
READ 93152 763 0
WRITE 93152 392 214
WRITE 93544 871 215
WRITE 94415 734 34
WRITE 95149 659 129
WRITE 95808 413 38
READ 378258 411 0
WRITE 378258 389 49
WRITE 378647 845 105
READ 887057 839 0
WRITE 887057 108 24
WRITE 887165 681 39
READ 808492 302 0
WRITE 808492 435 67
WRITE 808927 151 131
WRITE 809078 659 227
WRITE 809737 78 130
READ 222546 913 0
WRITE 222546 414 236
READ 646367 528 0
WRITE 646367 155 218
READ 134503 802 0
WRITE 134503 569 147
WRITE 135072 347 19
READ 306932 240 0
WRITE 306932 461 223
WRITE 307393 393 32
WRITE 307786 238 230
WRITE 308024 409 78
WRITE 308433 797 119
WRITE 309230 571 123
WRITE 309801 861 97
READ 147389 75 0
WRITE 147389 441 136
READ 516341 91 0
WRITE 516341 749 101
READ 77655 748 0
WRITE 77655 973 231
READ 317430 395 0
WRITE 317430 265 14
READ 590586 195 0
WRITE 590586 26 133
READ 173105 820 0
WRITE 173105 182 47
READ 774926 360 0
WRITE 774926 228 230
READ 753177 735 0
WRITE 753177 327 123
WRITE 753504 1020 63
WRITE 754524 582 95
READ 73040 349 0
WRITE 73040 896 119
WRITE 73936 338 118
WRITE 74274 298 153
READ 835148 867 0
WRITE 835148 780 190
WRITE 835928 679 121
READ 638171 509 0
WRITE 638171 905 150
WRITE 639076 155 65
WRITE 639231 982 1
WRITE 640213 161 178
WRITE 640374 723 252
READ 915238 153 0
WRITE 915238 916 254
WRITE 916154 369 127
WRITE 916523 1 219
WRITE 916524 203 210
READ 174997 348 0
WRITE 174997 1003 41
WRITE 176000 233 129
WRITE 176233 395 43
WRITE 176628 472 52
WRITE 177100 682 82
READ 1038349 893 0
WRITE 1038349 701 249
READ 139397 52 0
WRITE 139397 286 38
READ 2132 400 0
WRITE 2132 328 202
READ 663310 81 0
WRITE 663310 919 177
READ 821116 972 0
WRITE 821116 733 1
WRITE 821849 996 69
READ 457039 943 0
WRITE 457039 119 108
READ 354664 619 0
WRITE 354664 393 204
WRITE 355057 668 149
READ 87947 740 0
WRITE 87947 691 219
WRITE 88638 95 111
READ 911589 114 0
WRITE 911589 642 81
WRITE 912231 237 58
READ 411138 755 0
WRITE 411138 987 103
READ 473885 12 0
WRITE 473885 4 196
WRITE 473889 611 183
WRITE 474500 819 131
WRITE 475319 865 146
WRITE 476184 754 40
WRITE 476938 49 44
WRITE 476987 633 65
READ 238986 633 0
WRITE 238986 810 177
WRITE 239796 483 240
READ 537498 90 0
WRITE 537498 54 106
WRITE 537552 865 40
READ 314653 50 0
WRITE 314653 202 160
WRITE 314855 494 117
WRITE 315349 114 49
WRITE 315463 428 166
READ 195415 289 0
WRITE 195415 972 40
WRITE 196387 191 100
WRITE 196578 49 215
READ 783920 202 0
WRITE 783920 315 111
READ 46529 233 0
WRITE 46529 792 137
READ 40342 527 0
WRITE 40342 430 214
READ 1047934 42 0
WRITE 1047934 642 150
SIGNALL
UNMOUNT
