MOUNT
WRITE 0 256 0
READ 1006848 256 0
WRITE 1006848 256 93
WRITE 1007104 256 94
WRITE 1007360 256 95
READ 559872 256 0
WRITE 559872 256 139
READ 827904 256 0
WRITE 827904 256 162
READ 932608 256 0
WRITE 932608 256 59
WRITE 932864 256 60
WRITE 933120 256 61
WRITE 933376 256 62
WRITE 933632 256 63
WRITE 933888 256 64
WRITE 934144 256 65
WRITE 934400 256 66
READ 978944 256 0
WRITE 978944 256 240
READ 439808 256 0
WRITE 439808 256 182
READ 356096 256 0
WRITE 356096 256 111
WRITE 356352 256 112
READ 777984 256 0
WRITE 777984 256 223
READ 107520 256 0
WRITE 107520 256 164
READ 218624 256 0
WRITE 218624 256 86
READ 888832 256 0
WRITE 888832 256 144
READ 204288 256 0
WRITE 204288 256 30
READ 414208 256 0
WRITE 414208 256 82
READ 381440 256 0
WRITE 381440 256 210
WRITE 381696 256 211
READ 739072 256 0
WRITE 739072 256 71
READ 996352 256 0
WRITE 996352 256 52
READ 412160 256 0
WRITE 412160 256 74
READ 313088 256 0
WRITE 313088 256 199
WRITE 313344 256 200
READ 287232 256 0
WRITE 287232 256 98
READ 47360 256 0
WRITE 47360 256 185
WRITE 47616 256 186
READ 702720 256 0
WRITE 702720 256 185
READ 1026048 256 0
WRITE 1026048 256 168
READ 974080 256 0
WRITE 974080 256 221
READ 636416 256 0
WRITE 636416 256 182
WRITE 636672 256 183
READ 499712 256 0
WRITE 499712 256 160
WRITE 499968 256 161
WRITE 500224 256 162
WRITE 500480 256 163
WRITE 500736 256 164
READ 387840 256 0
WRITE 387840 256 235
WRITE 388096 256 236
READ 1004544 256 0
WRITE 1004544 256 84
READ 267776 256 0
WRITE 267776 256 22
WRITE 268032 256 23
READ 1044224 256 0
WRITE 1044224 256 239
READ 186880 256 0
WRITE 186880 256 218
READ 536064 256 0
WRITE 536064 256 46
READ 931328 256 0
WRITE 931328 256 54
READ 201216 256 0
WRITE 201216 256 18
READ 671488 256 0
WRITE 671488 256 63
WRITE 671744 256 64
WRITE 672000 256 65
WRITE 672256 256 66
READ 1025280 256 0
WRITE 1025280 256 165
READ 1004544 256 0
WRITE 1004544 256 84
READ 59648 256 0
WRITE 59648 256 233
READ 491776 256 0
WRITE 491776 256 129
READ 915456 256 0
WRITE 915456 256 248
READ 861184 256 0
WRITE 861184 256 36
WRITE 861440 256 37
WRITE 861696 256 38
WRITE 861952 256 39
READ 453376 256 0
WRITE 453376 256 235
READ 1033984 256 0
WRITE 1033984 256 199
READ 680192 256 0
WRITE 680192 256 97
READ 541440 256 0
WRITE 541440 256 67
WRITE 541696 256 68
WRITE 541952 256 69
READ 343296 256 0
WRITE 343296 256 61
READ 951808 256 0
WRITE 951808 256 134
WRITE 952064 256 135
WRITE 952320 256 136
WRITE 952576 256 137
WRITE 952832 256 138
READ 204032 256 0
WRITE 204032 256 29
WRITE 204288 256 30
WRITE 204544 256 31
WRITE 204800 256 32
WRITE 205056 256 33
WRITE 205312 256 34
READ 764928 256 0
WRITE 764928 256 172
WRITE 765184 256 173
WRITE 765440 256 174
READ 911616 256 0
WRITE 911616 256 233
WRITE 911872 256 234
READ 452864 256 0
WRITE 452864 256 233
WRITE 453120 256 234
READ 44800 256 0
WRITE 44800 256 175
WRITE 45056 256 176
READ 550400 256 0
WRITE 550400 256 102
WRITE 550656 256 103
READ 62208 256 0
WRITE 62208 256 243
WRITE 62464 256 244
WRITE 62720 256 245
READ 723200 256 0
WRITE 723200 256 9
WRITE 723456 256 10
WRITE 723712 256 11
WRITE 723968 256 12
WRITE 724224 256 13
WRITE 724480 256 14
READ 382976 256 0
WRITE 382976 256 216
READ 969216 256 0
WRITE 969216 256 202
READ 876288 256 0
WRITE 876288 256 95
WRITE 876544 256 96
WRITE 876800 256 97
WRITE 877056 256 98
READ 477696 256 0
WRITE 477696 256 74
READ 475648 256 0
WRITE 475648 256 66
WRITE 475904 256 67
READ 140800 256 0
WRITE 140800 256 38
WRITE 141056 256 39
WRITE 141312 256 40
READ 943104 256 0
WRITE 943104 256 100
WRITE 943360 256 101
WRITE 943616 256 102
READ 455168 256 0
WRITE 455168 256 242
READ 757504 256 0
WRITE 757504 256 143
READ 475392 256 0
WRITE 475392 256 65
READ 828160 256 0
WRITE 828160 256 163
WRITE 828416 256 164
READ 646144 256 0
WRITE 646144 256 220
WRITE 646400 256 221
READ 698368 256 0
WRITE 698368 256 168
READ 591872 256 0
WRITE 591872 256 8
READ 518656 256 0
WRITE 518656 256 234
READ 137984 256 0
WRITE 137984 256 27
READ 872448 256 0
WRITE 872448 256 80
READ 792832 256 0
WRITE 792832 256 25
WRITE 793088 256 26
WRITE 793344 256 27
WRITE 793600 256 28
WRITE 793856 256 29
READ 964864 256 0
WRITE 964864 256 185
READ 523776 256 0
WRITE 523776 256 254
READ 503808 256 0
WRITE 503808 256 176
WRITE 504064 256 177
WRITE 504320 256 178
READ 56064 256 0
WRITE 56064 256 219
WRITE 56320 256 220
WRITE 56576 256 221
READ 29440 256 0
WRITE 29440 256 115
READ 1036800 256 0
WRITE 1036800 256 210
READ 524544 256 0
WRITE 524544 256 1
READ 940800 256 0
WRITE 940800 256 91
READ 347136 256 0
WRITE 347136 256 76
WRITE 347392 256 77
READ 677888 256 0
WRITE 677888 256 88
WRITE 678144 256 89
READ 258816 256 0
WRITE 258816 256 243
WRITE 259072 256 244
WRITE 259328 256 245
READ 88320 256 0
WRITE 88320 256 89
WRITE 88576 256 90
WRITE 88832 256 91
WRITE 89088 256 92
READ 746240 256 0
WRITE 746240 256 99
WRITE 746496 256 100
READ 500224 256 0
WRITE 500224 256 162
WRITE 500480 256 163
READ 353536 256 0
WRITE 353536 256 101
WRITE 353792 256 102
READ 651520 256 0
WRITE 651520 256 241
READ 542464 256 0
WRITE 542464 256 71
READ 817152 256 0
WRITE 817152 256 120
WRITE 817408 256 121
READ 850688 256 0
WRITE 850688 256 251
READ 195328 256 0
WRITE 195328 256 251
READ 539136 256 0
WRITE 539136 256 58
WRITE 539392 256 59
WRITE 539648 256 60
READ 820992 256 0
WRITE 820992 256 135
WRITE 821248 256 136
WRITE 821504 256 137
READ 516864 256 0
WRITE 516864 256 227
WRITE 517120 256 228
READ 179968 256 0
WRITE 179968 256 191
READ 353536 256 0
WRITE 353536 256 101
READ 833536 256 0
WRITE 833536 256 184
READ 577792 256 0
WRITE 577792 256 209
WRITE 578048 256 210
WRITE 578304 256 211
WRITE 578560 256 212
READ 487168 256 0
WRITE 487168 256 111
WRITE 487424 256 112
WRITE 487680 256 113
WRITE 487936 256 114
WRITE 488192 256 115
READ 227328 256 0
WRITE 227328 256 120
WRITE 227584 256 121
WRITE 227840 256 122
WRITE 228096 256 123
READ 783360 256 0
WRITE 783360 256 244
READ 93952 256 0
WRITE 93952 256 111
READ 62976 256 0
WRITE 62976 256 246
WRITE 63232 256 247
READ 690176 256 0
WRITE 690176 256 136
READ 911104 256 0
WRITE 911104 256 231
WRITE 911360 256 232
READ 297472 256 0
WRITE 297472 256 138
READ 336128 256 0
WRITE 336128 256 33
READ 485632 256 0
WRITE 485632 256 105
READ 172800 256 0
WRITE 172800 256 163
READ 1008640 256 0
WRITE 1008640 256 100
READ 924416 256 0
WRITE 924416 256 27
READ 777472 256 0
WRITE 777472 256 221
READ 945408 256 0
WRITE 945408 256 109
READ 190208 256 0
WRITE 190208 256 231
READ 727808 256 0
WRITE 727808 256 27
WRITE 728064 256 28
WRITE 728320 256 29
READ 452608 256 0
WRITE 452608 256 232
WRITE 452864 256 233
WRITE 453120 256 234
READ 914688 256 0
WRITE 914688 256 245
READ 801536 256 0
WRITE 801536 256 59
WRITE 801792 256 60
WRITE 802048 256 61
WRITE 802304 256 62
WRITE 802560 256 63
READ 876288 256 0
WRITE 876288 256 95
WRITE 876544 256 96
WRITE 876800 256 97
WRITE 877056 256 98
READ 885248 256 0
WRITE 885248 256 130
READ 601088 256 0
WRITE 601088 256 44
WRITE 601344 256 45
READ 992512 256 0
WRITE 992512 256 37
READ 137216 256 0
WRITE 137216 256 24
WRITE 137472 256 25
READ 279040 256 0
WRITE 279040 256 66
WRITE 279296 256 67
READ 516608 256 0
WRITE 516608 256 226
WRITE 516864 256 227
WRITE 517120 256 228
WRITE 517376 256 229
WRITE 517632 256 230
WRITE 517888 256 231
READ 974080 256 0
WRITE 974080 256 221
WRITE 974336 256 222
WRITE 974592 256 223
READ 1005312 256 0
WRITE 1005312 256 87
WRITE 1005568 256 88
READ 255232 256 0
WRITE 255232 256 229
WRITE 255488 256 230
WRITE 255744 256 231
READ 375808 256 0
WRITE 375808 256 188
WRITE 376064 256 189
READ 318464 256 0
WRITE 318464 256 220
READ 525568 256 0
WRITE 525568 256 5
WRITE 525824 256 6
READ 999168 256 0
WRITE 999168 256 63
WRITE 999424 256 64
READ 327680 256 0
WRITE 327680 256 0
WRITE 327936 256 1
READ 349696 256 0
WRITE 349696 256 86
READ 924672 256 0
WRITE 924672 256 28
READ 748800 256 0
WRITE 748800 256 109
WRITE 749056 256 110
WRITE 749312 256 111
WRITE 749568 256 112
WRITE 749824 256 113
WRITE 750080 256 114
WRITE 750336 256 115
WRITE 750592 256 116
READ 174848 256 0
WRITE 174848 256 171
WRITE 175104 256 172
READ 551936 256 0
WRITE 551936 256 108
WRITE 552192 256 109
WRITE 552448 256 110
READ 553728 256 0
WRITE 553728 256 115
READ 446464 256 0
WRITE 446464 256 208
WRITE 446720 256 209
READ 564992 256 0
WRITE 564992 256 159
READ 789760 256 0
WRITE 789760 256 13
WRITE 790016 256 14
READ 172288 256 0
WRITE 172288 256 161
WRITE 172544 256 162
READ 936704 256 0
WRITE 936704 256 75
WRITE 936960 256 76
READ 195328 256 0
WRITE 195328 256 251
WRITE 195584 256 252
WRITE 195840 256 253
READ 1022208 256 0
WRITE 1022208 256 153
READ 520448 256 0
WRITE 520448 256 241
WRITE 520704 256 242
READ 496640 256 0
WRITE 496640 256 148
WRITE 496896 256 149
READ 408576 256 0
WRITE 408576 256 60
READ 616960 256 0
WRITE 616960 256 106
READ 1029376 256 0
WRITE 1029376 256 181
WRITE 1029632 256 182
WRITE 1029888 256 183
READ 197376 256 0
WRITE 197376 256 3
WRITE 197632 256 4
READ 487936 256 0
WRITE 487936 256 114
READ 286208 256 0
WRITE 286208 256 94
READ 266496 256 0
WRITE 266496 256 17
READ 996864 256 0
WRITE 996864 256 54
WRITE 997120 256 55
READ 587520 256 0
WRITE 587520 256 247
WRITE 587776 256 248
READ 286720 256 0
WRITE 286720 256 96
WRITE 286976 256 97
READ 570624 256 0
WRITE 570624 256 181
READ 435712 256 0
WRITE 435712 256 166
WRITE 435968 256 167
READ 140288 256 0
WRITE 140288 256 36
WRITE 140544 256 37
WRITE 140800 256 38
WRITE 141056 256 39
WRITE 141312 256 40
READ 640512 256 0
WRITE 640512 256 198
WRITE 640768 256 199
READ 376320 256 0
WRITE 376320 256 190
WRITE 376576 256 191
READ 477440 256 0
WRITE 477440 256 73
WRITE 477696 256 74
WRITE 477952 256 75
READ 720128 256 0
WRITE 720128 256 253
READ 853760 256 0
WRITE 853760 256 7
WRITE 854016 256 8
READ 328192 256 0
WRITE 328192 256 2
READ 99328 256 0
WRITE 99328 256 132
WRITE 99584 256 133
READ 758016 256 0
WRITE 758016 256 145
WRITE 758272 256 146
READ 400640 256 0
WRITE 400640 256 29
WRITE 400896 256 30
READ 886016 256 0
WRITE 886016 256 133
WRITE 886272 256 134
READ 135168 256 0
WRITE 135168 256 16
WRITE 135424 256 17
WRITE 135680 256 18
READ 579840 256 0
WRITE 579840 256 217
READ 529664 256 0
WRITE 529664 256 21
READ 297216 256 0
WRITE 297216 256 137
READ 663296 256 0
WRITE 663296 256 31
WRITE 663552 256 32
WRITE 663808 256 33
READ 437248 256 0
WRITE 437248 256 172
WRITE 437504 256 173
READ 238848 256 0
WRITE 238848 256 165
WRITE 239104 256 166
WRITE 239360 256 167
WRITE 239616 256 168
READ 1026816 256 0
WRITE 1026816 256 171
WRITE 1027072 256 172
READ 978944 256 0
WRITE 978944 256 240
WRITE 979200 256 241
WRITE 979456 256 242
READ 313600 256 0
WRITE 313600 256 201
READ 350208 256 0
WRITE 350208 256 88
READ 872704 256 0
WRITE 872704 256 81
READ 762112 256 0
WRITE 762112 256 161
WRITE 762368 256 162
WRITE 762624 256 163
READ 316416 256 0
WRITE 316416 256 212
READ 808192 256 0
WRITE 808192 256 85
READ 436736 256 0
WRITE 436736 256 170
WRITE 436992 256 171
READ 193280 256 0
WRITE 193280 256 243
WRITE 193536 256 244
WRITE 193792 256 245
WRITE 194048 256 246
READ 513024 256 0
WRITE 513024 256 212
WRITE 513280 256 213
WRITE 513536 256 214
WRITE 513792 256 215
WRITE 514048 256 216
READ 557568 256 0
WRITE 557568 256 130
WRITE 557824 256 131
READ 542720 256 0
WRITE 542720 256 72
READ 884480 256 0
WRITE 884480 256 127
WRITE 884736 256 128
WRITE 884992 256 129
READ 892416 256 0
WRITE 892416 256 158
WRITE 892672 256 159
READ 732160 256 0
WRITE 732160 256 44
WRITE 732416 256 45
READ 702720 256 0
WRITE 702720 256 185
WRITE 702976 256 186
WRITE 703232 256 187
READ 941312 256 0
WRITE 941312 256 93
READ 1007616 256 0
WRITE 1007616 256 96
READ 171776 256 0
WRITE 171776 256 159
WRITE 172032 256 160
WRITE 172288 256 161
READ 652544 256 0
WRITE 652544 256 245
READ 408576 256 0
WRITE 408576 256 60
WRITE 408832 256 61
WRITE 409088 256 62
WRITE 409344 256 63
WRITE 409600 256 64
READ 47360 256 0
WRITE 47360 256 185
READ 5376 256 0
WRITE 5376 256 21
READ 436992 256 0
WRITE 436992 256 171
READ 668416 256 0
WRITE 668416 256 51
WRITE 668672 256 52
WRITE 668928 256 53
WRITE 669184 256 54
READ 465408 256 0
WRITE 465408 256 26
WRITE 465664 256 27
READ 572928 256 0
WRITE 572928 256 190
WRITE 573184 256 191
READ 898048 256 0
WRITE 898048 256 180
READ 345856 256 0
WRITE 345856 256 71
WRITE 346112 256 72
WRITE 346368 256 73
READ 620544 256 0
WRITE 620544 256 120
READ 440832 256 0
WRITE 440832 256 186
WRITE 441088 256 187
WRITE 441344 256 188
WRITE 441600 256 189
READ 15872 256 0
WRITE 15872 256 62
READ 194048 256 0
WRITE 194048 256 246
READ 928000 256 0
WRITE 928000 256 41
READ 45056 256 0
WRITE 45056 256 176
READ 751104 256 0
WRITE 751104 256 118
WRITE 751360 256 119
WRITE 751616 256 120
READ 141312 256 0
WRITE 141312 256 40
READ 861184 256 0
WRITE 861184 256 36
WRITE 861440 256 37
WRITE 861696 256 38
READ 390656 256 0
WRITE 390656 256 246
READ 708864 256 0
WRITE 708864 256 209
READ 1036288 256 0
WRITE 1036288 256 208
WRITE 1036544 256 209
READ 526080 256 0
WRITE 526080 256 7
READ 212736 256 0
WRITE 212736 256 63
READ 30208 256 0
WRITE 30208 256 118
READ 437248 256 0
WRITE 437248 256 172
WRITE 437504 256 173
WRITE 437760 256 174
READ 370944 256 0
WRITE 370944 256 169
READ 276224 256 0
WRITE 276224 256 55
WRITE 276480 256 56
WRITE 276736 256 57
READ 578304 256 0
WRITE 578304 256 211
READ 463616 256 0
WRITE 463616 256 19
READ 793344 256 0
WRITE 793344 256 27
READ 219648 256 0
WRITE 219648 256 90
READ 225792 256 0
WRITE 225792 256 114
WRITE 226048 256 115
READ 332800 256 0
WRITE 332800 256 20
READ 529920 256 0
WRITE 529920 256 22
WRITE 530176 256 23
READ 474624 256 0
WRITE 474624 256 62
READ 307712 256 0
WRITE 307712 256 178
READ 2304 256 0
WRITE 2304 256 9
WRITE 2560 256 10
WRITE 2816 256 11
READ 445696 256 0
WRITE 445696 256 205
WRITE 445952 256 206
READ 651776 256 0
WRITE 651776 256 242
READ 471808 256 0
WRITE 471808 256 51
WRITE 472064 256 52
WRITE 472320 256 53
WRITE 472576 256 54
WRITE 472832 256 55
READ 40704 256 0
WRITE 40704 256 159
WRITE 40960 256 160
WRITE 41216 256 161
WRITE 41472 256 162
READ 552192 256 0
WRITE 552192 256 109
READ 722688 256 0
WRITE 722688 256 7
READ 413184 256 0
WRITE 413184 256 78
WRITE 413440 256 79
WRITE 413696 256 80
READ 773376 256 0
WRITE 773376 256 205
READ 835584 256 0
WRITE 835584 256 192
WRITE 835840 256 193
WRITE 836096 256 194
READ 823296 256 0
WRITE 823296 256 144
WRITE 823552 256 145
WRITE 823808 256 146
READ 424448 256 0
WRITE 424448 256 122
WRITE 424704 256 123
READ 222976 256 0
WRITE 222976 256 103
WRITE 223232 256 104
WRITE 223488 256 105
WRITE 223744 256 106
WRITE 224000 256 107
READ 93440 256 0
WRITE 93440 256 109
WRITE 93696 256 110
WRITE 93952 256 111
WRITE 94208 256 112
WRITE 94464 256 113
READ 579328 256 0
WRITE 579328 256 215
READ 362496 256 0
WRITE 362496 256 136
READ 1017344 256 0
WRITE 1017344 256 134
READ 601344 256 0
WRITE 601344 256 45
WRITE 601600 256 46
WRITE 601856 256 47
WRITE 602112 256 48
READ 1047808 256 0
WRITE 1047808 256 253
WRITE 1048064 256 254
WRITE 1048320 256 255
SIGNALL
UNMOUNT
